5.969999866560101731e-01
6.244999860413372739e-01
8.659999806433915648e-01
7.849999824538826942e-01
8.869999801740050538e-01
9.629999784752726333e-01
8.894999801181256993e-01
1.013999977335333869e+00
8.854999802075326221e-01
1.147499974351376295e+00
9.194999794475734456e-01
1.053499976452439979e+00
1.176999973691999823e+00
1.329499970283359200e+00
1.150999974273145154e+00
7.149999840185046196e-01
1.009499977435916573e+00
8.999999798834323883e-01
9.784999781288206133e-01
1.602499964181333780e+00
1.516999966092407615e+00
1.684999962337315083e+00
1.969499955978244454e+00
1.664499962795525700e+00
1.987499955575913191e+00
2.243999949842691244e+00
1.998499955330043987e+00
1.771999960392713458e+00
1.848999958671629473e+00
1.891999957710504443e+00
2.873499935772270142e+00
2.170499951485544532e+00
2.776999937929212958e+00
3.176999928988516242e+00
3.573999920114874662e+00
3.521499921288341106e+00
3.848999913968145670e+00
4.293999904021620573e+00
4.531999898701906559e+00
4.336999903060496209e+00
4.154499907139689086e+00
5.428999878652393640e+00
6.824499847460538504e+00
5.870999868772924124e+00
6.476999855227768776e+00
5.166999884508550522e+00
6.099499863665551302e+00
5.825999869778752505e+00
6.497499854769557714e+00
8.285499814804643037e+00
7.205999838933348833e+00
8.583499808143823628e+00
7.008999843336641611e+00
9.253499793168156629e+00
7.935999822616577326e+00
7.783999826014041723e+00
8.656999806500971673e+00
8.750499804411083105e+00
8.836999802477658150e+00
9.625999784842132811e+00
1.123049974897876346e+01
9.089499796833843348e+00
1.132049974696710670e+01
1.000549977635964716e+01
1.089299975652247632e+01
1.266999971680343151e+01
1.556249965215101838e+01
1.295449971044436133e+01
1.237099972348660160e+01
1.276299971472471917e+01
1.559849965134635497e+01
1.710949961757287241e+01
1.483799966834485495e+01
1.233749972423538566e+01
1.318499970529228449e+01
1.466499967221170664e+01
1.428449968071654474e+01
1.586849964531138468e+01
1.596399964317679476e+01
1.601499964203685522e+01
1.672649962613359165e+01
1.835249958978965878e+01
1.656649962970987033e+01
1.939999956637620926e+01
1.892499957699328661e+01
1.968349956003948975e+01
1.969849955970421362e+01
2.103749952977523208e+01
2.010799955055117749e+01
2.085299953389912986e+01
2.082399953454732966e+01
2.159049951741472029e+01
2.256299949567765140e+01
1.938649956667795848e+01
2.027549954680726074e+01
2.184449951173737503e+01
2.320649948129430484e+01
2.333299947846681022e+01
2.343799947611987733e+01
2.224749950272962451e+01
2.559749942785128951e+01
2.433599945604801107e+01
2.464299944918602847e+01
2.600749941868707538e+01
2.539949943227693296e+01
2.617299941498786353e+01
2.566049942644313120e+01
2.677949940143152929e+01
2.442399945408105921e+01
2.595699941981583692e+01
2.712949939360841967e+01
2.764699938204139329e+01
3.154049929501488947e+01
3.029349932288750935e+01
3.018499932531267405e+01
3.280599926672876165e+01
3.071099931355565715e+01
3.215549928126856827e+01
3.452899922821670486e+01
3.477899922262876942e+01
3.447949922932311750e+01
3.381799924410879754e+01
3.672149917921051099e+01
3.342449925290420509e+01
3.598799919560551785e+01
3.406749923853203654e+01
3.599399919547140314e+01
3.537049920940771841e+01
3.446699922960251428e+01
3.630499918852001429e+01
3.520149921318515851e+01
3.671799917928874635e+01
3.604299919437617206e+01
3.575149920089170053e+01
3.810699914824217416e+01
3.820599914602935598e+01
3.783799915425479554e+01
3.818149914657696797e+01
3.863549913642928146e+01
3.731349916597828553e+01
3.545199920758604861e+01
3.586249919841066003e+01
3.663049918124452375e+01
3.746499916259199381e+01
3.759649915965273692e+01
3.643399918563663675e+01
3.759349915971979783e+01
3.710899917054921104e+01
3.693699917439371205e+01
3.650249918410554528e+01
3.737899916451424076e+01
3.677749917795881629e+01
3.233649927722289874e+01
3.665999918058514595e+01
3.461949922619387365e+01
3.733549916548654579e+01
3.830649914378300025e+01
3.792449915232136703e+01
3.404799923896789693e+01
3.504599921666086004e+01
3.483099922146648453e+01
3.840399914160370543e+01
3.620599919073283957e+01
3.789699915293603993e+01
3.708299917113036059e+01
3.575349920084700273e+01
3.475649922313168361e+01
3.565999920293688774e+01
3.652199918366968490e+01
3.593949919668957449e+01
3.739499916415661573e+01
3.672349917916581319e+01
3.709649917082860782e+01
3.347949925167485929e+01
3.792799915224313878e+01
3.549999920651316643e+01
3.765499915834516287e+01
3.744399916306137754e+01
3.860549913709983372e+01
3.810099914837628887e+01
3.626249918946996331e+01
3.656749918265268207e+01
3.470099922437221096e+01
3.727049916693940901e+01
3.434649923229589774e+01
3.473349922364577935e+01
3.543899920787661983e+01
3.566299920286983394e+01
3.280449926676228500e+01
3.716099916938692616e+01
3.765599915832281397e+01
3.402849923940375731e+01
3.734749916521832347e+01
3.733399916552006914e+01
3.744699916299432374e+01
3.747499916236847639e+01
3.664999918080866337e+01
3.754599916078150557e+01
3.802599915005266951e+01
3.681899917703121616e+01
3.460749922646209598e+01
3.420649923542514159e+01
3.624749918980523944e+01
3.585599919855594919e+01
3.680249917740002275e+01
3.747149916244670464e+01
3.757899916004389240e+01
3.183899928834289383e+01
3.688099917564541386e+01
3.608249919349327683e+01
3.567049920270219587e+01
3.653099918346852348e+01
3.850599913932383345e+01
3.581999919936060905e+01
3.686699917595833398e+01
3.643149918569251611e+01
3.675899917837232067e+01
3.740649916389956786e+01
3.584849919872358726e+01
3.599749919539317489e+01
3.463449922585859753e+01
3.829699914399534322e+01
3.542849920811131881e+01
3.806099914927035854e+01
3.589249919774010777e+01
3.542899920810013725e+01
3.698049917342141413e+01
3.648599918447435186e+01
3.877849913323298381e+01
3.661049918169155859e+01
3.710599917061627195e+01
3.842299914117902659e+01
3.652549918359145664e+01
3.739849916407838748e+01
3.730649916613474204e+01
3.765299915838986777e+01
3.748749916208907962e+01
3.654849918307736800e+01
3.790949915265664316e+01
3.703049917230382704e+01
3.611599919274449633e+01
3.748149916222318723e+01
3.683399917669594004e+01
3.700049917297437929e+01
3.805649914937093570e+01
3.632949918797239519e+01
3.411599923744797991e+01
3.312499925959855318e+01
3.379499924462288618e+01
3.662499918136745691e+01
3.444699923004954911e+01
3.420199923552572585e+01
3.647099918480962799e+01
3.426599923409521864e+01
3.634299918767064952e+01
3.655199918299913264e+01
3.556199920512735702e+01
3.564699920322745896e+01
3.429099923353642509e+01
3.692249917471781373e+01
3.685399917624890520e+01
3.705549917174503349e+01
3.729249916644766927e+01
3.681049917722121023e+01
3.614999919198453426e+01
3.466349922521040128e+01
3.613999919220805168e+01
3.776449915589764572e+01
3.801249915035441518e+01
3.738149916445836141e+01
3.686599917598068998e+01
3.810599914826453016e+01
3.804349914966151402e+01
3.296849926309660361e+01
3.519749921327456832e+01
3.765049915844574713e+01
3.671899917926639034e+01
3.633049918795004629e+01
3.726399916708469107e+01
3.527999921143054962e+01
3.566099920291453884e+01
3.702049917252734446e+01
3.239699927587061978e+01
3.379899924453347637e+01
3.536699920948594666e+01
3.798099915105849789e+01
3.705099917184561775e+01
3.666149918055161550e+01
3.359299924913793944e+01
3.494499921891838312e+01
3.591899919714778378e+01
3.763699915874749280e+01
3.635049918750301146e+01
3.264649927029385879e+01
3.556549920504912876e+01
3.660249918187037110e+01
3.702949917232617594e+01
3.614999919198453426e+01
3.709849917078391002e+01
3.771749915694817901e+01
